0.666667
1.33333
1.33333
1.66667
1.33333
1
1.33333
1
-5.55112e-16
1.33333
1
1.33333
1
1.11022e-16
2.22045e-16
1.33333
1
6.66134e-16
1.33333
1
-1.11022e-16
5.55112e-17
5.55112e-16
1.11022e-16
1.11022e-16
1.33333
1
1.33333
1
-1.11022e-16
-3.33067e-16
1.33333
1
1.33333
1
-6.66134e-16
-1.11022e-16
-2.22045e-16
-2.22045e-16
2.22045e-16
-3.33067e-16
-2.22045e-16
-6.66134e-16
2.22045e-16
-1.11022e-16
1.33333
1
-3.33067e-16
1.33333
1
-3.33067e-16
-2.22045e-16
-5.55112e-17
1.11022e-16
5.55112e-17
1.33333
1
2.22045e-16
1.33333
1
8.88178e-16
6.10623e-16
-2.22045e-16
0
2.22045e-16
2.22045e-16
-3.33067e-16
3.33067e-16
4.44089e-16
-4.44089e-16
-4.44089e-16
2.77556e-16
0
-1.11022e-16
-1.66533e-16
-2.22045e-16
-2.22045e-16
2.22045e-16
3.33067e-16
-1.66533e-16
-4.44089e-16
1.33333
1
1.33333
1
-4.44089e-16
-6.66134e-16
1.33333
1
1.33333
1
-3.33067e-16
-5.55112e-16
-2.22045e-16
-2.22045e-16
-2.22045e-16
-4.996e-16
-4.44089e-16
-6.66134e-16
0
-5.55112e-17
1.33333
1
1.33333
1
-2.22045e-16
5.55112e-17
1.33333
1
1.33333
1
-6.66134e-16
-2.22045e-16
-1.66533e-16
-1.66533e-16
5.55112e-17
5.55112e-16
-6.10623e-16
-2.77556e-16
2.22045e-16
1.66533e-16
-6.66134e-16
-4.996e-16
-4.996e-16
-3.88578e-16
-2.22045e-16
-3.33067e-16
0
-5.55112e-16
4.44089e-16
5.55112e-16
9.4369e-16
-3.88578e-16
-5.55112e-17
3.33067e-16
-1.11022e-16
-5.55112e-17
-2.77556e-16
-3.33067e-16
-5.55112e-16
-1.11022e-16
1.11022e-16
-2.22045e-16
2.22045e-16
1.11022e-16
-4.996e-16
0
-5.55112e-17
0
-5.55112e-17
2.22045e-16
-2.22045e-16
-2.22045e-16
1.33333
1
-4.996e-16
1.33333
1
-3.33067e-16
1.11022e-16
3.33067e-16
1.11022e-16
3.33067e-16
1.33333
1
2.22045e-16
1.33333
1
8.88178e-16
6.10623e-16
-2.22045e-16
0
2.22045e-16
2.22045e-16
-3.33067e-16
5.55112e-16
8.88178e-16
-4.44089e-16
0
-1.66533e-16
-2.22045e-16
-1.11022e-16
-1.66533e-16
-2.22045e-16
-2.22045e-16
2.22045e-16
3.33067e-16
-1.66533e-16
-4.44089e-16
1.33333
1
3.33067e-16
1.33333
1
-2.22045e-16
4.996e-16
2.22045e-16
5.55112e-17
1.66533e-16
1.33333
1
6.10623e-16
1.33333
1
-2.22045e-16
1.66533e-16
1.66533e-16
5.55112e-17
2.22045e-16
1.11022e-16
-5.55112e-16
-2.22045e-16
-3.33067e-16
-1.11022e-16
-1.66533e-16
2.22045e-16
-1.11022e-16
-2.22045e-16
-4.44089e-16
1.11022e-16
-3.33067e-16
2.22045e-16
-1.11022e-16
2.22045e-16
-1.11022e-16
6.66134e-16
2.77556e-16
-2.77556e-16
2.77556e-16
-5.55112e-16
1.11022e-16
-2.22045e-16
-3.33067e-16
4.44089e-16
5.55112e-16
7.21645e-16
-3.88578e-16
-5.55112e-17
3.33067e-16
-1.11022e-16
-5.55112e-17
-3.33067e-16
-4.44089e-16
-3.33067e-16
1.11022e-16
-3.33067e-16
-3.33067e-16
-2.22045e-16
-1.11022e-16
-4.996e-16
0
-5.55112e-17
0
-5.55112e-17
2.22045e-16
-2.22045e-16
-2.22045e-16
6.66134e-16
1.66533e-16
5.55112e-16
3.88578e-16
-4.996e-16
-5.55112e-17
-5.55112e-17
-2.22045e-16
5.55112e-16
2.77556e-16
7.77156e-16
3.88578e-16
-1.66533e-16
-2.22045e-16
-5.55112e-17
-2.22045e-16
-3.88578e-16
1.11022e-16
-2.77556e-16
4.44089e-16
-5.55112e-17
1.11022e-16
1.66533e-16
1.66533e-16
-2.77556e-16
3.88578e-16
-1.66533e-16
4.44089e-16
-1.66533e-16
1.66533e-16
1.66533e-16
1.66533e-16
1.33333
1
1.33333
1
-2.22045e-16
0
1.33333
1
1.33333
1
-3.88578e-16
-5.55112e-16
5.55112e-17
-2.22045e-16
1.11022e-16
1.11022e-16
6.66134e-16
-6.66134e-16
3.33067e-16
-5.55112e-17
1.33333
1
1.33333
1
-3.33067e-16
-4.996e-16
1.33333
1
1.33333
1
-4.44089e-16
-5.55112e-16
-3.33067e-16
-4.44089e-16
-1.11022e-16
-2.77556e-16
-2.22045e-16
-6.66134e-16
3.33067e-16
-2.22045e-16
0
-3.88578e-16
0
-5.55112e-17
-2.77556e-16
-3.33067e-16
-5.55112e-16
-5.55112e-16
-2.77556e-16
-1.11022e-16
-4.44089e-16
-4.44089e-16
-5.55112e-16
3.33067e-16
-5.55112e-16
-5.55112e-17
-3.33067e-16
-3.33067e-16
-5.55112e-16
-3.33067e-16
-2.22045e-16
-1.11022e-16
-2.22045e-16
-5.55112e-16
6.66134e-16
-1.66533e-16
-1.11022e-16
-3.88578e-16
-1.11022e-16
3.33067e-16
-1.11022e-16
-5.55112e-17
1.33333
1
1.33333
1
-4.44089e-16
-5.55112e-16
1.33333
1
1.33333
1
1.11022e-16
-6.66134e-16
-3.33067e-16
-2.22045e-16
-2.77556e-16
-1.11022e-16
5.55112e-17
5.55112e-16
0
6.66134e-16
1.33333
1
1.33333
1
3.33067e-16
-5.55112e-16
1.33333
1.66667
0.666667
1.33333
1
1.33333
-1.66533e-16
-2.22045e-16
2.22045e-16
-1.11022e-16
1
1.33333
1
1.33333
-6.66134e-16
-3.33067e-16
-4.44089e-16
-2.22045e-16
-2.77556e-16
-2.22045e-16
-5.55112e-16
1.11022e-16
5.55112e-16
7.77156e-16
7.21645e-16
4.996e-16
1.66533e-16
1.11022e-16
1.11022e-16
2.22045e-16
-2.22045e-16
-3.33067e-16
1.66533e-16
1.11022e-16
1
1.33333
1
1.33333
3.33067e-16
-1.11022e-16
-2.77556e-16
-1.11022e-16
1
1.33333
1
1.33333
-3.33067e-16
-4.44089e-16
-2.22045e-16
-1.66533e-16
-5.55112e-16
1.11022e-16
-3.33067e-16
-3.33067e-16
-2.77556e-16
-1.11022e-16
-4.44089e-16
-4.44089e-16
-5.55112e-16
3.33067e-16
-5.55112e-16
-5.55112e-17
-3.88578e-16
-3.33067e-16
-3.33067e-16
-5.55112e-16
-3.33067e-16
1.11022e-16
2.22045e-16
-3.33067e-16
6.66134e-16
-1.66533e-16
-1.11022e-16
-3.88578e-16
-1.11022e-16
3.33067e-16
-1.11022e-16
0
-5.55112e-17
-4.996e-16
-1.66533e-16
-2.22045e-16
-5.55112e-16
-5.55112e-17
-2.22045e-16
-2.22045e-16
-1.66533e-16
3.33067e-16
1.66533e-16
-2.22045e-16
-2.22045e-16
-2.22045e-16
-2.22045e-16
-2.22045e-16
-4.44089e-16
-5.55112e-16
-3.33067e-16
-2.22045e-16
-5.55112e-16
-2.77556e-16
-2.22045e-16
-2.22045e-16
-3.33067e-16
-4.44089e-16
-2.22045e-16
-2.22045e-16
-2.22045e-16
-2.22045e-16
-2.22045e-16
-2.22045e-16
-2.22045e-16
-3.88578e-16
-3.33067e-16
-2.22045e-16
1.66533e-16
6.66134e-16
2.22045e-16
3.33067e-16
5.55112e-16
7.77156e-16
6.10623e-16
4.996e-16
1.66533e-16
1.11022e-16
1.11022e-16
2.22045e-16
1.11022e-16
-4.44089e-16
-5.55112e-17
1.11022e-16
1
1.33333
1
1.33333
3.33067e-16
-1.11022e-16
-2.77556e-16
-1.11022e-16
1
1.33333
1
1.33333
-2.22045e-16
4.44089e-16
5.55112e-16
-1.11022e-16
4.996e-16
5.55112e-16
5.55112e-17
1.66533e-16
5.55112e-16
7.21645e-16
7.77156e-16
-1.11022e-16
1.66533e-16
1.66533e-16
5.55112e-17
2.22045e-16
4.44089e-16
-2.22045e-16
-2.22045e-16
-2.77556e-16
1
1.33333
1
1.33333
-2.22045e-16
-2.22045e-16
-4.44089e-16
-2.77556e-16
1
1.33333
1
1.33333
1.33333
1
6.10623e-16
1.33333
1
4.44089e-16
1.66533e-16
2.77556e-16
-2.77556e-16
0
1.33333
1
3.33067e-16
1.33333
1
8.88178e-16
2.77556e-16
2.22045e-16
0
2.22045e-16
-1.11022e-16
-4.44089e-16
-3.88578e-16
4.44089e-16
2.22045e-16
-3.33067e-16
5.55112e-17
-3.88578e-16
-3.33067e-16
-3.33067e-16
-2.22045e-16
-2.22045e-16
0
-1.11022e-16
-1.66533e-16
-4.44089e-16
1.33333
1
4.996e-16
1.33333
1
1.11022e-16
-5.55112e-17
4.44089e-16
-3.33067e-16
5.55112e-17
1.33333
1
2.22045e-16
1.33333
1
8.88178e-16
6.10623e-16
-2.22045e-16
0
2.22045e-16
0
-1.66533e-16
4.44089e-16
6.66134e-16
5.55112e-17
-5.55112e-17
7.21645e-16
1.11022e-16
-1.11022e-16
-1.66533e-16
-2.22045e-16
-2.22045e-16
2.22045e-16
3.33067e-16
-1.66533e-16
-4.44089e-16
5.55112e-16
2.77556e-16
3.33067e-16
3.33067e-16
-1.66533e-16
-2.22045e-16
-4.44089e-16
-3.88578e-16
-6.66134e-16
1.66533e-16
7.21645e-16
-3.88578e-16
-2.77556e-16
2.22045e-16
-1.11022e-16
-5.55112e-17
-2.77556e-16
3.88578e-16
4.44089e-16
3.88578e-16
-1.66533e-16
-1.66533e-16
3.88578e-16
-5.55112e-17
-3.88578e-16
5.55112e-17
-5.55112e-17
0
5.55112e-17
1.66533e-16
-2.22045e-16
-2.22045e-16
-2.22045e-16
5.55112e-16
-6.10623e-16
2.77556e-16
-1.66533e-16
1.66533e-16
-2.22045e-16
0
4.44089e-16
5.55112e-16
9.4369e-16
-3.88578e-16
-5.55112e-17
3.33067e-16
-1.11022e-16
-5.55112e-17
-5.55112e-17
-1.66533e-16
4.44089e-16
3.33067e-16
1.11022e-16
1.66533e-16
2.22045e-16
3.33067e-16
-4.996e-16
0
-5.55112e-17
0
-5.55112e-17
2.22045e-16
-2.22045e-16
-2.22045e-16
1.33333
1
-4.996e-16
1.33333
1
-7.77156e-16
1.11022e-16
3.33067e-16
3.88578e-16
4.44089e-16
1.33333
1
7.77156e-16
1.33333
1
7.77156e-16
0
2.22045e-16
5.55112e-16
-2.77556e-16
2.22045e-16
-3.33067e-16
0
-3.33067e-16
-4.44089e-16
0
-3.88578e-16
1.11022e-16
5.55112e-16
-2.22045e-16
5.55112e-17
-3.33067e-16
4.44089e-16
-3.33067e-16
-3.88578e-16
-1.66533e-16
1.33333
1
-2.77556e-16
1.33333
1
-6.66134e-16
0
-5.55112e-17
5.55112e-17
-2.22045e-16
1.33333
1.66667
1
0.666667
1.33333
1.33333
1
1
1.33333
1.33333
3.33067e-16
-3.33067e-16
-1.11022e-16
-3.33067e-16
4.44089e-16
-5.55112e-16
2.22045e-16
0
1
1
1.33333
1.33333
1
1
1.33333
1.33333
6.66134e-16
2.77556e-16
-2.22045e-16
2.22045e-16
-5.55112e-16
1.11022e-16
-1.66533e-16
-1.11022e-16
-4.44089e-16
-1.66533e-16
-1.66533e-16
-4.44089e-16
1.11022e-16
-4.44089e-16
-1.11022e-16
-5.55112e-16
-3.33067e-16
-4.44089e-16
-5.55112e-17
-1.66533e-16
-3.33067e-16
-3.33067e-16
-2.77556e-16
-1.11022e-16
6.10623e-16
1.11022e-16
-5.55112e-17
-2.22045e-16
3.33067e-16
1.11022e-16
-4.44089e-16
-3.33067e-16
-2.22045e-16
3.88578e-16
-4.44089e-16
-4.996e-16
-2.22045e-16
-3.33067e-16
-5.55112e-17
-1.11022e-16
1
1
1.33333
1.33333
1
1
1.33333
1.33333
-3.88578e-16
1.66533e-16
-3.88578e-16
0
3.33067e-16
2.77556e-16
1.66533e-16
2.77556e-16
1
1
1.33333
1.33333
1
1
1.33333
1.33333
-1.66533e-16
3.33067e-16
2.77556e-16
-3.33067e-16
-2.22045e-16
-2.22045e-16
-4.996e-16
-3.88578e-16
5.55112e-17
-1.11022e-16
-4.44089e-16
-4.44089e-16
-5.55112e-16
2.22045e-16
-5.55112e-16
-5.55112e-17
-3.33067e-16
-4.44089e-16
-4.44089e-16
4.996e-16
-2.22045e-16
-2.22045e-16
-4.996e-16
-3.88578e-16
-4.44089e-16
-3.33067e-16
-1.11022e-16
-3.88578e-16
-5.55112e-16
2.22045e-16
-1.11022e-16
0
-1.11022e-16
-1.66533e-16
1.11022e-16
1.66533e-16
-3.33067e-16
1.66533e-16
-2.22045e-16
0
-2.77556e-16
-1.11022e-16
-4.44089e-16
-4.44089e-16
-5.55112e-16
3.33067e-16
-5.55112e-16
-5.55112e-17
-5.55112e-16
-3.88578e-16
-5.55112e-16
-2.22045e-16
-2.77556e-16
2.77556e-16
-2.22045e-16
0
6.66134e-16
-1.66533e-16
-1.11022e-16
-3.88578e-16
-1.11022e-16
3.33067e-16
-1.11022e-16
-5.55112e-17
5.55112e-16
7.21645e-16
4.44089e-16
4.996e-16
1.66533e-16
3.88578e-16
-2.22045e-16
0
-8.88178e-16
4.44089e-16
6.10623e-16
4.996e-16
6.10623e-16
1.66533e-16
1.11022e-16
2.22045e-16
-1.11022e-16
-2.22045e-16
-5.55112e-17
-4.996e-16
1
1.33333
1
1.33333
5.55112e-16
-5.55112e-16
-2.77556e-16
-1.11022e-16
1
1.33333
1
1.33333
-1.66533e-16
6.10623e-16
-5.55112e-16
2.22045e-16
2.22045e-16
0
-3.33067e-16
6.66134e-16
5.55112e-16
7.77156e-16
7.21645e-16
4.996e-16
1.66533e-16
1.11022e-16
1.11022e-16
2.22045e-16
7.21645e-16
-3.88578e-16
3.88578e-16
3.33067e-16
1
1.33333
1
1.33333
3.33067e-16
-1.11022e-16
-2.77556e-16
-1.11022e-16
1
1.33333
1
1.33333
-3.33067e-16
-4.44089e-16
-2.77556e-16
-3.88578e-16
-5.55112e-16
1.11022e-16
-2.77556e-16
-1.11022e-16
3.33067e-16
1.11022e-16
-5.55112e-16
0
0
-4.44089e-16
0
-5.55112e-16
-3.88578e-16
-3.33067e-16
-2.22045e-16
-5.55112e-16
-3.33067e-16
1.11022e-16
-7.21645e-16
-1.11022e-16
-4.44089e-16
-2.22045e-16
-1.11022e-16
-2.77556e-16
4.44089e-16
-4.44089e-16
-5.55112e-17
-7.21645e-16
1.11022e-16
-3.88578e-16
5.55112e-17
-5.55112e-16
-2.77556e-16
-3.33067e-16
-5.55112e-16
-1.11022e-16
1
1
1.33333
1.33333
1
1
1.33333
1.33333
-3.33067e-16
-3.33067e-16
-4.44089e-16
-3.33067e-16
-2.22045e-16
-2.22045e-16
-1.11022e-16
-1.11022e-16
1
1
1.33333
1.33333
1
1
1.33333
1.33333
-2.22045e-16
-3.88578e-16
-1.66533e-16
-2.77556e-16
1.66533e-16
6.66134e-16
2.77556e-16
2.77556e-16
-4.996e-16
5.55112e-16
-2.77556e-16
-5.55112e-17
-1.11022e-16
4.44089e-16
5.55112e-17
2.77556e-16
1.11022e-16
-4.44089e-16
6.10623e-16
-3.33067e-16
1
1.33333
1
1.33333
5.55112e-16
5.55112e-17
0
3.33067e-16
1
1.33333
1
1.33333
-2.22045e-16
-2.77556e-16
-4.44089e-16
-5.55112e-16
-2.77556e-16
-2.22045e-16
-3.88578e-16
2.22045e-16
1
1
1.33333
1.33333
1
1
1.33333
1.33333
-2.22045e-16
-3.33067e-16
3.33067e-16
-1.66533e-16
1
1.33333
1
1.33333
1
1
1.33333
1.33333
1.66667
1.33333
1.33333
0.666667
