 1.000e+00        0.0        0.0        0.0        0.0        0.0        0.0        0.0        0.0        0.0 
       0.0  2.000e+00        0.0        0.0        0.0        0.0        0.0        0.0        0.0        0.0 
       0.0        0.0  3.000e+00        0.0        0.0        0.0        0.0        0.0        0.0        0.0 
       0.0        0.0        0.0  4.000e+00        0.0        0.0        0.0        0.0        0.0        0.0 
       0.0        0.0        0.0        0.0  5.000e+00        0.0        0.0        0.0        0.0        0.0 
       0.0        0.0        0.0        0.0        0.0  6.000e+00        0.0        0.0        0.0        0.0 
       0.0        0.0        0.0        0.0        0.0        0.0  7.000e+00        0.0        0.0        0.0 
       0.0        0.0        0.0        0.0        0.0        0.0        0.0  8.000e+00        0.0        0.0 
       0.0        0.0        0.0        0.0        0.0        0.0        0.0        0.0  9.000e+00        0.0 
       0.0        0.0        0.0        0.0        0.0        0.0        0.0        0.0        0.0  1.000e+01 
