 3.000e+00  1.000e+00        0.0        0.0        0.0        0.0        0.0        0.0        0.0        0.0 
       0.0  3.000e+00  1.000e+00        0.0        0.0        0.0        0.0        0.0        0.0        0.0 
       0.0        0.0  3.000e+00  1.000e+00        0.0        0.0        0.0        0.0        0.0        0.0 
       0.0        0.0        0.0  3.000e+00  1.000e+00        0.0        0.0        0.0        0.0        0.0 
       0.0        0.0        0.0        0.0  3.000e+00  1.000e+00        0.0        0.0        0.0        0.0 
       0.0        0.0        0.0        0.0        0.0  3.000e+00  1.000e+00        0.0        0.0        0.0 
       0.0        0.0        0.0        0.0        0.0        0.0  3.000e+00  1.000e+00        0.0        0.0 
       0.0        0.0        0.0        0.0        0.0        0.0        0.0  3.000e+00  1.000e+00        0.0 
       0.0        0.0        0.0        0.0        0.0        0.0        0.0        0.0  3.000e+00  1.000e+00 
       0.0        0.0        0.0        0.0        0.0        0.0        0.0        0.0  1.000e+00  3.000e+00 
