 1.357e-02  0.000e+00  0.000e+00  0.000e+00  1.280e-17  1.898e-17  0.000e+00  0.000e+00  1.289e-17 -6.349e-04 -1.270e-03  1.520e-17 -6.349e-04 -1.270e-03  1.699e-17 -6.349e-04 -1.270e-03  2.551e-18 -1.270e-03        0.0        0.0        0.0        0.0        0.0        0.0        0.0        0.0        0.0        0.0        0.0        0.0        0.0        0.0        0.0        0.0        0.0        0.0 
 0.000e+00  5.952e-03  0.000e+00  0.000e+00  0.000e+00  0.000e+00  0.000e+00  0.000e+00  0.000e+00        0.0        0.0        0.0        0.0        0.0        0.0        0.0        0.0        0.0        0.0        0.0        0.0        0.0        0.0        0.0        0.0        0.0        0.0        0.0        0.0        0.0        0.0        0.0        0.0        0.0        0.0        0.0        0.0 
 0.000e+00  0.000e+00  7.381e-03  0.000e+00  0.000e+00  0.000e+00        0.0        0.0        0.0  0.000e+00  0.000e+00  0.000e+00        0.0        0.0        0.0        0.0        0.0        0.0        0.0  0.000e+00  0.000e+00  0.000e+00        0.0        0.0        0.0        0.0        0.0        0.0        0.0        0.0        0.0        0.0        0.0        0.0        0.0        0.0        0.0 
 0.000e+00  0.000e+00  0.000e+00  1.587e-02  0.000e+00  0.000e+00        0.0        0.0        0.0        0.0        0.0        0.0        0.0        0.0        0.0        0.0        0.0        0.0        0.0        0.0        0.0        0.0        0.0        0.0        0.0        0.0        0.0        0.0        0.0        0.0        0.0        0.0        0.0        0.0        0.0        0.0        0.0 
 1.259e-17  0.000e+00  0.000e+00  0.000e+00  2.603e-02  7.937e-03        0.0        0.0        0.0 -1.270e-03  5.079e-03  5.079e-03        0.0        0.0        0.0        0.0        0.0        0.0        0.0        0.0        0.0        0.0        0.0        0.0        0.0        0.0        0.0        0.0        0.0        0.0        0.0        0.0        0.0        0.0        0.0        0.0        0.0 
 1.898e-17  0.000e+00  0.000e+00  0.000e+00  7.937e-03  3.175e-02  0.000e+00  0.000e+00  7.937e-03        0.0        0.0        0.0        0.0        0.0        0.0        0.0        0.0        0.0        0.0        0.0        0.0        0.0        0.0        0.0        0.0        0.0        0.0        0.0        0.0        0.0        0.0        0.0        0.0        0.0        0.0        0.0        0.0 
 0.000e+00  0.000e+00        0.0        0.0        0.0  0.000e+00  7.381e-03  0.000e+00  0.000e+00        0.0        0.0        0.0  0.000e+00  0.000e+00  0.000e+00        0.0        0.0        0.0        0.0        0.0        0.0        0.0  0.000e+00  0.000e+00  0.000e+00        0.0        0.0        0.0        0.0        0.0        0.0        0.0        0.0        0.0        0.0        0.0        0.0 
 0.000e+00  0.000e+00        0.0        0.0        0.0  0.000e+00  0.000e+00  1.587e-02  0.000e+00        0.0        0.0        0.0        0.0        0.0        0.0        0.0        0.0        0.0        0.0        0.0        0.0        0.0        0.0        0.0        0.0        0.0        0.0        0.0        0.0        0.0        0.0        0.0        0.0        0.0        0.0        0.0        0.0 
 1.289e-17  0.000e+00        0.0        0.0        0.0  7.937e-03  0.000e+00  0.000e+00  2.603e-02        0.0        0.0        0.0 -1.270e-03  5.079e-03  5.079e-03        0.0        0.0        0.0        0.0        0.0        0.0        0.0        0.0        0.0        0.0        0.0        0.0        0.0        0.0        0.0        0.0        0.0        0.0        0.0        0.0        0.0        0.0 
-6.349e-04        0.0  0.000e+00        0.0 -1.270e-03        0.0        0.0        0.0        0.0  1.071e-02  1.258e-17  8.586e-18        0.0        0.0        0.0 -6.349e-04  9.385e-19 -1.270e-03        0.0  0.000e+00  0.000e+00  1.725e-17        0.0        0.0        0.0  0.000e+00 -1.270e-03  1.568e-17  0.000e+00        0.0        0.0        0.0        0.0        0.0        0.0        0.0        0.0 
-1.270e-03        0.0  0.000e+00        0.0  5.079e-03        0.0        0.0        0.0        0.0  1.260e-17  2.349e-02  5.079e-03        0.0        0.0        0.0        0.0        0.0        0.0        0.0  0.000e+00  0.000e+00  6.667e-03        0.0        0.0        0.0        0.0        0.0        0.0        0.0        0.0        0.0        0.0        0.0        0.0        0.0        0.0        0.0 
 1.531e-17        0.0  0.000e+00        0.0  5.079e-03        0.0        0.0        0.0        0.0  8.802e-18  5.079e-03  2.032e-02        0.0        0.0        0.0 -1.270e-03  5.079e-03  5.079e-03        0.0        0.0        0.0        0.0        0.0        0.0        0.0        0.0        0.0        0.0        0.0        0.0        0.0        0.0        0.0        0.0        0.0        0.0        0.0 
-6.349e-04        0.0        0.0        0.0        0.0        0.0  0.000e+00        0.0 -1.270e-03        0.0        0.0        0.0  1.071e-02  1.277e-17  7.373e-18 -6.349e-04        0.0 -1.270e-03  2.162e-18        0.0        0.0        0.0  0.000e+00  0.000e+00  1.723e-17        0.0        0.0        0.0        0.0  0.000e+00  1.504e-17 -1.270e-03  0.000e+00        0.0        0.0        0.0        0.0 
-1.270e-03        0.0        0.0        0.0        0.0        0.0  0.000e+00        0.0  5.079e-03        0.0        0.0        0.0  1.291e-17  2.349e-02  5.079e-03        0.0        0.0        0.0        0.0        0.0        0.0        0.0  0.000e+00  0.000e+00  6.667e-03        0.0        0.0        0.0        0.0        0.0        0.0        0.0        0.0        0.0        0.0        0.0        0.0 
 1.721e-17        0.0        0.0        0.0        0.0        0.0  0.000e+00        0.0  5.079e-03        0.0        0.0        0.0  7.373e-18  5.079e-03  2.032e-02 -1.270e-03        0.0  5.079e-03  5.079e-03        0.0        0.0        0.0        0.0        0.0        0.0        0.0        0.0        0.0        0.0        0.0        0.0        0.0        0.0        0.0        0.0        0.0        0.0 
-6.349e-04        0.0        0.0        0.0        0.0        0.0        0.0        0.0        0.0 -6.349e-04        0.0 -1.270e-03 -6.349e-04        0.0 -1.270e-03  1.357e-02  9.626e-18  7.921e-18  1.457e-17        0.0        0.0        0.0        0.0        0.0        0.0  0.000e+00  1.607e-17 -1.270e-03        0.0  0.000e+00 -1.270e-03  1.972e-17        0.0  0.000e+00  0.000e+00  2.392e-17  0.000e+00 
-1.270e-03        0.0        0.0        0.0        0.0        0.0        0.0        0.0        0.0  1.044e-18        0.0  5.079e-03        0.0        0.0        0.0  9.622e-18  2.032e-02  5.079e-03        0.0        0.0        0.0        0.0        0.0        0.0        0.0  0.000e+00  5.079e-03  5.079e-03        0.0        0.0        0.0        0.0        0.0        0.0        0.0        0.0        0.0 
 2.334e-18        0.0        0.0        0.0        0.0        0.0        0.0        0.0        0.0 -1.270e-03        0.0  5.079e-03 -1.270e-03        0.0  5.079e-03  8.138e-18  5.079e-03  2.032e-02  5.079e-03        0.0        0.0        0.0        0.0        0.0        0.0        0.0        0.0        0.0        0.0        0.0        0.0        0.0        0.0        0.0        0.0        0.0        0.0 
-1.270e-03        0.0        0.0        0.0        0.0        0.0        0.0        0.0        0.0        0.0        0.0        0.0  2.162e-18        0.0  5.079e-03  1.446e-17        0.0  5.079e-03  2.032e-02        0.0        0.0        0.0        0.0        0.0        0.0        0.0        0.0        0.0        0.0  0.000e+00  5.079e-03  5.079e-03        0.0        0.0        0.0        0.0        0.0 
       0.0        0.0  0.000e+00        0.0        0.0        0.0        0.0        0.0        0.0  0.000e+00  0.000e+00        0.0        0.0        0.0        0.0        0.0        0.0        0.0        0.0  5.000e-03  0.000e+00  0.000e+00        0.0        0.0        0.0  0.000e+00        0.0  0.000e+00  0.000e+00        0.0        0.0        0.0        0.0        0.0        0.0        0.0        0.0 
       0.0        0.0  0.000e+00        0.0        0.0        0.0        0.0        0.0        0.0  0.000e+00  0.000e+00        0.0        0.0        0.0        0.0        0.0        0.0        0.0        0.0  0.000e+00  1.333e-02  0.000e+00        0.0        0.0        0.0        0.0        0.0        0.0        0.0        0.0        0.0        0.0        0.0        0.0        0.0        0.0        0.0 
       0.0        0.0  0.000e+00        0.0        0.0        0.0        0.0        0.0        0.0  1.745e-17  6.667e-03        0.0        0.0        0.0        0.0        0.0        0.0        0.0        0.0  0.000e+00  0.000e+00  2.667e-02        0.0        0.0        0.0  0.000e+00        0.0  6.667e-03  0.000e+00        0.0        0.0        0.0        0.0        0.0        0.0        0.0        0.0 
       0.0        0.0        0.0        0.0        0.0        0.0  0.000e+00        0.0        0.0        0.0        0.0        0.0  0.000e+00  0.000e+00        0.0        0.0        0.0        0.0        0.0        0.0        0.0        0.0  5.000e-03  0.000e+00  0.000e+00        0.0        0.0        0.0        0.0  0.000e+00  0.000e+00        0.0  0.000e+00        0.0        0.0        0.0        0.0 
       0.0        0.0        0.0        0.0        0.0        0.0  0.000e+00        0.0        0.0        0.0        0.0        0.0  0.000e+00  0.000e+00        0.0        0.0        0.0        0.0        0.0        0.0        0.0        0.0  0.000e+00  1.333e-02  0.000e+00        0.0        0.0        0.0        0.0        0.0        0.0        0.0        0.0        0.0        0.0        0.0        0.0 
       0.0        0.0        0.0        0.0        0.0        0.0  0.000e+00        0.0        0.0        0.0        0.0        0.0  1.747e-17  6.667e-03        0.0        0.0        0.0        0.0        0.0        0.0        0.0        0.0  0.000e+00  0.000e+00  2.667e-02        0.0        0.0        0.0        0.0  0.000e+00  6.667e-03        0.0  0.000e+00        0.0        0.0        0.0        0.0 
       0.0        0.0        0.0        0.0        0.0        0.0        0.0        0.0        0.0  0.000e+00        0.0        0.0        0.0        0.0        0.0  0.000e+00  0.000e+00        0.0        0.0  0.000e+00        0.0  0.000e+00        0.0        0.0        0.0  7.381e-03  0.000e+00  0.000e+00  0.000e+00        0.0        0.0        0.0        0.0  0.000e+00  0.000e+00  0.000e+00        0.0 
       0.0        0.0        0.0        0.0        0.0        0.0        0.0        0.0        0.0 -1.270e-03        0.0        0.0        0.0        0.0        0.0  1.583e-17  5.079e-03        0.0        0.0        0.0        0.0        0.0        0.0        0.0        0.0  0.000e+00  2.603e-02  5.079e-03        0.0        0.0        0.0        0.0        0.0  0.000e+00  0.000e+00  7.937e-03        0.0 
       0.0        0.0        0.0        0.0        0.0        0.0        0.0        0.0        0.0  1.554e-17        0.0        0.0        0.0        0.0        0.0 -1.270e-03  5.079e-03        0.0        0.0  0.000e+00        0.0  6.667e-03        0.0        0.0        0.0  0.000e+00  5.079e-03  2.349e-02  0.000e+00        0.0        0.0        0.0        0.0        0.0        0.0        0.0        0.0 
       0.0        0.0        0.0        0.0        0.0        0.0        0.0        0.0        0.0  0.000e+00        0.0        0.0        0.0        0.0        0.0        0.0        0.0        0.0        0.0  0.000e+00        0.0  0.000e+00        0.0        0.0        0.0  0.000e+00        0.0  0.000e+00  1.333e-02        0.0        0.0        0.0        0.0        0.0        0.0        0.0        0.0 
       0.0        0.0        0.0        0.0        0.0        0.0        0.0        0.0        0.0        0.0        0.0        0.0  0.000e+00        0.0        0.0  0.000e+00        0.0        0.0  0.000e+00        0.0        0.0        0.0  0.000e+00        0.0  0.000e+00        0.0        0.0        0.0        0.0  7.381e-03  0.000e+00  0.000e+00  0.000e+00  0.000e+00        0.0  0.000e+00  0.000e+00 
       0.0        0.0        0.0        0.0        0.0        0.0        0.0        0.0        0.0        0.0        0.0        0.0  1.515e-17        0.0        0.0 -1.270e-03        0.0        0.0  5.079e-03        0.0        0.0        0.0  0.000e+00        0.0  6.667e-03        0.0        0.0        0.0        0.0  0.000e+00  2.349e-02  5.079e-03  0.000e+00        0.0        0.0        0.0        0.0 
       0.0        0.0        0.0        0.0        0.0        0.0        0.0        0.0        0.0        0.0        0.0        0.0 -1.270e-03        0.0        0.0  1.958e-17        0.0        0.0  5.079e-03        0.0        0.0        0.0        0.0        0.0        0.0        0.0        0.0        0.0        0.0  0.000e+00  5.079e-03  2.603e-02        0.0  0.000e+00        0.0  7.937e-03  0.000e+00 
       0.0        0.0        0.0        0.0        0.0        0.0        0.0        0.0        0.0        0.0        0.0        0.0  0.000e+00        0.0        0.0        0.0        0.0        0.0        0.0        0.0        0.0        0.0  0.000e+00        0.0  0.000e+00        0.0        0.0        0.0        0.0  0.000e+00  0.000e+00        0.0  1.333e-02        0.0        0.0        0.0        0.0 
       0.0        0.0        0.0        0.0        0.0        0.0        0.0        0.0        0.0        0.0        0.0        0.0        0.0        0.0        0.0  0.000e+00        0.0        0.0        0.0        0.0        0.0        0.0        0.0        0.0        0.0  0.000e+00  0.000e+00        0.0        0.0  0.000e+00        0.0  0.000e+00        0.0  5.952e-03  0.000e+00  0.000e+00  0.000e+00 
       0.0        0.0        0.0        0.0        0.0        0.0        0.0        0.0        0.0        0.0        0.0        0.0        0.0        0.0        0.0  0.000e+00        0.0        0.0        0.0        0.0        0.0        0.0        0.0        0.0        0.0  0.000e+00  0.000e+00        0.0        0.0        0.0        0.0        0.0        0.0  0.000e+00  1.587e-02  0.000e+00        0.0 
       0.0        0.0        0.0        0.0        0.0        0.0        0.0        0.0        0.0        0.0        0.0        0.0        0.0        0.0        0.0  2.387e-17        0.0        0.0        0.0        0.0        0.0        0.0        0.0        0.0        0.0  0.000e+00  7.937e-03        0.0        0.0  0.000e+00        0.0  7.937e-03        0.0  0.000e+00  0.000e+00  3.175e-02  0.000e+00 
       0.0        0.0        0.0        0.0        0.0        0.0        0.0        0.0        0.0        0.0        0.0        0.0        0.0        0.0        0.0  0.000e+00        0.0        0.0        0.0        0.0        0.0        0.0        0.0        0.0        0.0        0.0        0.0        0.0        0.0  0.000e+00        0.0  0.000e+00        0.0  0.000e+00        0.0  0.000e+00  1.587e-02 
