 3.595e+00  0.000e+00  0.000e+00  0.000e+00 -9.667e-01 -5.333e-01  0.000e+00  0.000e+00 -9.667e-01  2.336e-01  8.604e-16 -9.345e-01  2.336e-01  9.784e-16 -9.345e-01  1.143e-01  3.886e-16 -4.571e-01  7.078e-16        0.0        0.0        0.0        0.0        0.0        0.0        0.0        0.0        0.0        0.0        0.0        0.0        0.0        0.0        0.0        0.0        0.0        0.0 
 0.000e+00  8.286e-01  0.000e+00  0.000e+00  0.000e+00  0.000e+00  0.000e+00  0.000e+00  0.000e+00        0.0        0.0        0.0        0.0        0.0        0.0        0.0        0.0        0.0        0.0        0.0        0.0        0.0        0.0        0.0        0.0        0.0        0.0        0.0        0.0        0.0        0.0        0.0        0.0        0.0        0.0        0.0        0.0 
 0.000e+00  0.000e+00  1.843e+00  0.000e+00  0.000e+00  0.000e+00        0.0        0.0        0.0  0.000e+00  0.000e+00  0.000e+00        0.0        0.0        0.0        0.0        0.0        0.0        0.0  0.000e+00  0.000e+00  0.000e+00        0.0        0.0        0.0        0.0        0.0        0.0        0.0        0.0        0.0        0.0        0.0        0.0        0.0        0.0        0.0 
 0.000e+00  0.000e+00  0.000e+00  2.438e+00  0.000e+00  0.000e+00        0.0        0.0        0.0        0.0        0.0        0.0        0.0        0.0        0.0        0.0        0.0        0.0        0.0        0.0        0.0        0.0        0.0        0.0        0.0        0.0        0.0        0.0        0.0        0.0        0.0        0.0        0.0        0.0        0.0        0.0        0.0 
-9.667e-01  0.000e+00  0.000e+00  0.000e+00  4.764e+00 -5.714e-01        0.0        0.0        0.0  4.441e-16 -9.167e-01 -8.095e-01        0.0        0.0        0.0        0.0        0.0        0.0        0.0        0.0        0.0        0.0        0.0        0.0        0.0        0.0        0.0        0.0        0.0        0.0        0.0        0.0        0.0        0.0        0.0        0.0        0.0 
-5.333e-01  0.000e+00  0.000e+00  0.000e+00 -5.714e-01  4.876e+00  0.000e+00  0.000e+00 -5.714e-01        0.0        0.0        0.0        0.0        0.0        0.0        0.0        0.0        0.0        0.0        0.0        0.0        0.0        0.0        0.0        0.0        0.0        0.0        0.0        0.0        0.0        0.0        0.0        0.0        0.0        0.0        0.0        0.0 
 0.000e+00  0.000e+00        0.0        0.0        0.0  0.000e+00  1.843e+00  0.000e+00  0.000e+00        0.0        0.0        0.0  0.000e+00  0.000e+00  0.000e+00        0.0        0.0        0.0        0.0        0.0        0.0        0.0  0.000e+00  0.000e+00  0.000e+00        0.0        0.0        0.0        0.0        0.0        0.0        0.0        0.0        0.0        0.0        0.0        0.0 
 0.000e+00  0.000e+00        0.0        0.0        0.0  0.000e+00  0.000e+00  2.438e+00  0.000e+00        0.0        0.0        0.0        0.0        0.0        0.0        0.0        0.0        0.0        0.0        0.0        0.0        0.0        0.0        0.0        0.0        0.0        0.0        0.0        0.0        0.0        0.0        0.0        0.0        0.0        0.0        0.0        0.0 
-9.667e-01  0.000e+00        0.0        0.0        0.0 -5.714e-01  0.000e+00  0.000e+00  4.764e+00        0.0        0.0        0.0  5.343e-16 -9.167e-01 -8.095e-01        0.0        0.0        0.0        0.0        0.0        0.0        0.0        0.0        0.0        0.0        0.0        0.0        0.0        0.0        0.0        0.0        0.0        0.0        0.0        0.0        0.0        0.0 
 2.336e-01        0.0  0.000e+00        0.0  4.441e-16        0.0        0.0        0.0        0.0  3.676e+00 -1.071e+00 -9.345e-01        0.0        0.0        0.0  2.336e-01 -9.345e-01  2.220e-16        0.0  0.000e+00  0.000e+00 -8.889e-01        0.0        0.0        0.0  0.000e+00  1.041e-15 -1.071e+00  0.000e+00        0.0        0.0        0.0        0.0        0.0        0.0        0.0        0.0 
 8.604e-16        0.0  0.000e+00        0.0 -9.167e-01        0.0        0.0        0.0        0.0 -1.071e+00  4.815e+00 -6.000e-01        0.0        0.0        0.0        0.0        0.0        0.0        0.0  0.000e+00  0.000e+00 -2.667e-01        0.0        0.0        0.0        0.0        0.0        0.0        0.0        0.0        0.0        0.0        0.0        0.0        0.0        0.0        0.0 
-9.345e-01        0.0  0.000e+00        0.0 -8.095e-01        0.0        0.0        0.0        0.0 -9.345e-01 -6.000e-01  4.688e+00        0.0        0.0        0.0  1.110e-15 -4.571e-01 -9.524e-01        0.0        0.0        0.0        0.0        0.0        0.0        0.0        0.0        0.0        0.0        0.0        0.0        0.0        0.0        0.0        0.0        0.0        0.0        0.0 
 2.336e-01        0.0        0.0        0.0        0.0        0.0  0.000e+00        0.0  5.343e-16        0.0        0.0        0.0  3.676e+00 -1.071e+00 -9.345e-01  2.336e-01        0.0  1.110e-16 -9.345e-01        0.0        0.0        0.0  0.000e+00  0.000e+00 -8.889e-01        0.0        0.0        0.0        0.0  0.000e+00 -1.071e+00  7.078e-16  0.000e+00        0.0        0.0        0.0        0.0 
 9.784e-16        0.0        0.0        0.0        0.0        0.0  0.000e+00        0.0 -9.167e-01        0.0        0.0        0.0 -1.071e+00  4.815e+00 -6.000e-01        0.0        0.0        0.0        0.0        0.0        0.0        0.0  0.000e+00  0.000e+00 -2.667e-01        0.0        0.0        0.0        0.0        0.0        0.0        0.0        0.0        0.0        0.0        0.0        0.0 
-9.345e-01        0.0        0.0        0.0        0.0        0.0  0.000e+00        0.0 -8.095e-01        0.0        0.0        0.0 -9.345e-01 -6.000e-01  4.688e+00  1.166e-15        0.0 -9.524e-01 -4.571e-01        0.0        0.0        0.0        0.0        0.0        0.0        0.0        0.0        0.0        0.0        0.0        0.0        0.0        0.0        0.0        0.0        0.0        0.0 
 1.143e-01        0.0        0.0        0.0        0.0        0.0        0.0        0.0        0.0  2.336e-01        0.0  1.110e-15  2.336e-01        0.0  1.166e-15  3.595e+00 -9.345e-01 -4.571e-01 -9.345e-01        0.0        0.0        0.0        0.0        0.0        0.0  0.000e+00 -9.667e-01  4.163e-16        0.0  0.000e+00  8.465e-16 -9.667e-01        0.0  0.000e+00  0.000e+00 -5.333e-01  0.000e+00 
 3.886e-16        0.0        0.0        0.0        0.0        0.0        0.0        0.0        0.0 -9.345e-01        0.0 -4.571e-01        0.0        0.0        0.0 -9.345e-01  4.688e+00 -9.524e-01        0.0        0.0        0.0        0.0        0.0        0.0        0.0  0.000e+00 -8.095e-01 -6.000e-01        0.0        0.0        0.0        0.0        0.0        0.0        0.0        0.0        0.0 
-4.571e-01        0.0        0.0        0.0        0.0        0.0        0.0        0.0        0.0  2.220e-16        0.0 -9.524e-01  1.110e-16        0.0 -9.524e-01 -4.571e-01 -9.524e-01  4.724e+00 -9.524e-01        0.0        0.0        0.0        0.0        0.0        0.0        0.0        0.0        0.0        0.0        0.0        0.0        0.0        0.0        0.0        0.0        0.0        0.0 
 7.078e-16        0.0        0.0        0.0        0.0        0.0        0.0        0.0        0.0        0.0        0.0        0.0 -9.345e-01        0.0 -4.571e-01 -9.345e-01        0.0 -9.524e-01  4.688e+00        0.0        0.0        0.0        0.0        0.0        0.0        0.0        0.0        0.0        0.0  0.000e+00 -6.000e-01 -8.095e-01        0.0        0.0        0.0        0.0        0.0 
       0.0        0.0  0.000e+00        0.0        0.0        0.0        0.0        0.0        0.0  0.000e+00  0.000e+00        0.0        0.0        0.0        0.0        0.0        0.0        0.0        0.0  8.667e-01  0.000e+00  0.000e+00        0.0        0.0        0.0  0.000e+00        0.0  0.000e+00  0.000e+00        0.0        0.0        0.0        0.0        0.0        0.0        0.0        0.0 
       0.0        0.0  0.000e+00        0.0        0.0        0.0        0.0        0.0        0.0  0.000e+00  0.000e+00        0.0        0.0        0.0        0.0        0.0        0.0        0.0        0.0  0.000e+00  2.489e+00  0.000e+00        0.0        0.0        0.0        0.0        0.0        0.0        0.0        0.0        0.0        0.0        0.0        0.0        0.0        0.0        0.0 
       0.0        0.0  0.000e+00        0.0        0.0        0.0        0.0        0.0        0.0 -8.889e-01 -2.667e-01        0.0        0.0        0.0        0.0        0.0        0.0        0.0        0.0  0.000e+00  0.000e+00  4.978e+00        0.0        0.0        0.0  0.000e+00        0.0 -2.667e-01  0.000e+00        0.0        0.0        0.0        0.0        0.0        0.0        0.0        0.0 
       0.0        0.0        0.0        0.0        0.0        0.0  0.000e+00        0.0        0.0        0.0        0.0        0.0  0.000e+00  0.000e+00        0.0        0.0        0.0        0.0        0.0        0.0        0.0        0.0  8.667e-01  0.000e+00  0.000e+00        0.0        0.0        0.0        0.0  0.000e+00  0.000e+00        0.0  0.000e+00        0.0        0.0        0.0        0.0 
       0.0        0.0        0.0        0.0        0.0        0.0  0.000e+00        0.0        0.0        0.0        0.0        0.0  0.000e+00  0.000e+00        0.0        0.0        0.0        0.0        0.0        0.0        0.0        0.0  0.000e+00  2.489e+00  0.000e+00        0.0        0.0        0.0        0.0        0.0        0.0        0.0        0.0        0.0        0.0        0.0        0.0 
       0.0        0.0        0.0        0.0        0.0        0.0  0.000e+00        0.0        0.0        0.0        0.0        0.0 -8.889e-01 -2.667e-01        0.0        0.0        0.0        0.0        0.0        0.0        0.0        0.0  0.000e+00  0.000e+00  4.978e+00        0.0        0.0        0.0        0.0  0.000e+00 -2.667e-01        0.0  0.000e+00        0.0        0.0        0.0        0.0 
       0.0        0.0        0.0        0.0        0.0        0.0        0.0        0.0        0.0  0.000e+00        0.0        0.0        0.0        0.0        0.0  0.000e+00  0.000e+00        0.0        0.0  0.000e+00        0.0  0.000e+00        0.0        0.0        0.0  1.843e+00  0.000e+00  0.000e+00  0.000e+00        0.0        0.0        0.0        0.0  0.000e+00  0.000e+00  0.000e+00        0.0 
       0.0        0.0        0.0        0.0        0.0        0.0        0.0        0.0        0.0  1.041e-15        0.0        0.0        0.0        0.0        0.0 -9.667e-01 -8.095e-01        0.0        0.0        0.0        0.0        0.0        0.0        0.0        0.0  0.000e+00  4.764e+00 -9.167e-01        0.0        0.0        0.0        0.0        0.0  0.000e+00  0.000e+00 -5.714e-01        0.0 
       0.0        0.0        0.0        0.0        0.0        0.0        0.0        0.0        0.0 -1.071e+00        0.0        0.0        0.0        0.0        0.0  4.163e-16 -6.000e-01        0.0        0.0  0.000e+00        0.0 -2.667e-01        0.0        0.0        0.0  0.000e+00 -9.167e-01  4.815e+00  0.000e+00        0.0        0.0        0.0        0.0        0.0        0.0        0.0        0.0 
       0.0        0.0        0.0        0.0        0.0        0.0        0.0        0.0        0.0  0.000e+00        0.0        0.0        0.0        0.0        0.0        0.0        0.0        0.0        0.0  0.000e+00        0.0  0.000e+00        0.0        0.0        0.0  0.000e+00        0.0  0.000e+00  2.489e+00        0.0        0.0        0.0        0.0        0.0        0.0        0.0        0.0 
       0.0        0.0        0.0        0.0        0.0        0.0        0.0        0.0        0.0        0.0        0.0        0.0  0.000e+00        0.0        0.0  0.000e+00        0.0        0.0  0.000e+00        0.0        0.0        0.0  0.000e+00        0.0  0.000e+00        0.0        0.0        0.0        0.0  1.843e+00  0.000e+00  0.000e+00  0.000e+00  0.000e+00        0.0  0.000e+00  0.000e+00 
       0.0        0.0        0.0        0.0        0.0        0.0        0.0        0.0        0.0        0.0        0.0        0.0 -1.071e+00        0.0        0.0  8.465e-16        0.0        0.0 -6.000e-01        0.0        0.0        0.0  0.000e+00        0.0 -2.667e-01        0.0        0.0        0.0        0.0  0.000e+00  4.815e+00 -9.167e-01  0.000e+00        0.0        0.0        0.0        0.0 
       0.0        0.0        0.0        0.0        0.0        0.0        0.0        0.0        0.0        0.0        0.0        0.0  7.078e-16        0.0        0.0 -9.667e-01        0.0        0.0 -8.095e-01        0.0        0.0        0.0        0.0        0.0        0.0        0.0        0.0        0.0        0.0  0.000e+00 -9.167e-01  4.764e+00        0.0  0.000e+00        0.0 -5.714e-01  0.000e+00 
       0.0        0.0        0.0        0.0        0.0        0.0        0.0        0.0        0.0        0.0        0.0        0.0  0.000e+00        0.0        0.0        0.0        0.0        0.0        0.0        0.0        0.0        0.0  0.000e+00        0.0  0.000e+00        0.0        0.0        0.0        0.0  0.000e+00  0.000e+00        0.0  2.489e+00        0.0        0.0        0.0        0.0 
       0.0        0.0        0.0        0.0        0.0        0.0        0.0        0.0        0.0        0.0        0.0        0.0        0.0        0.0        0.0  0.000e+00        0.0        0.0        0.0        0.0        0.0        0.0        0.0        0.0        0.0  0.000e+00  0.000e+00        0.0        0.0  0.000e+00        0.0  0.000e+00        0.0  8.286e-01  0.000e+00  0.000e+00  0.000e+00 
       0.0        0.0        0.0        0.0        0.0        0.0        0.0        0.0        0.0        0.0        0.0        0.0        0.0        0.0        0.0  0.000e+00        0.0        0.0        0.0        0.0        0.0        0.0        0.0        0.0        0.0  0.000e+00  0.000e+00        0.0        0.0        0.0        0.0        0.0        0.0  0.000e+00  2.438e+00  0.000e+00        0.0 
       0.0        0.0        0.0        0.0        0.0        0.0        0.0        0.0        0.0        0.0        0.0        0.0        0.0        0.0        0.0 -5.333e-01        0.0        0.0        0.0        0.0        0.0        0.0        0.0        0.0        0.0  0.000e+00 -5.714e-01        0.0        0.0  0.000e+00        0.0 -5.714e-01        0.0  0.000e+00  0.000e+00  4.876e+00  0.000e+00 
       0.0        0.0        0.0        0.0        0.0        0.0        0.0        0.0        0.0        0.0        0.0        0.0        0.0        0.0        0.0  0.000e+00        0.0        0.0        0.0        0.0        0.0        0.0        0.0        0.0        0.0        0.0        0.0        0.0        0.0  0.000e+00        0.0  0.000e+00        0.0  0.000e+00        0.0  0.000e+00  2.438e+00 
